%YAML:1.0
eigenval_Matrix: !!opencv-matrix
   rows: 321
   cols: 1
   dt: f
   data: [ 3.76993150e-01, 2.62023360e-01, 1.41528279e-01,
       1.20377347e-01, 9.71061885e-02, 7.62865767e-02, 6.91370741e-02,
       6.47137091e-02, 5.56147844e-02, 5.20939082e-02, 4.62174714e-02,
       4.23264131e-02, 3.95181887e-02, 3.70944552e-02, 3.60291861e-02,
       3.26680019e-02, 2.95766201e-02, 2.85185669e-02, 2.63587926e-02,
       2.46066265e-02, 2.35269703e-02, 2.17319708e-02, 2.11994220e-02,
       2.08857991e-02, 2.04036534e-02, 1.86036192e-02, 1.75093897e-02,
       1.58131849e-02, 1.57615300e-02, 1.54949166e-02, 1.49845239e-02,
       1.45767797e-02, 1.40649043e-02, 1.37685230e-02, 1.27057685e-02,
       1.23015894e-02, 1.18266866e-02, 1.13045685e-02, 1.06969969e-02,
       1.06163360e-02, 1.02058193e-02, 9.92306322e-03, 9.82968602e-03,
       9.42700170e-03, 8.91611632e-03, 8.67012329e-03, 8.44956934e-03,
       8.27766862e-03, 8.12200457e-03, 7.79501209e-03, 7.77401822e-03,
       7.63070164e-03, 7.47294631e-03, 7.29948515e-03, 7.22811837e-03,
       7.00688036e-03, 6.97148405e-03, 6.80524716e-03, 6.67892862e-03,
       6.65936153e-03, 6.25678152e-03, 6.17642561e-03, 6.02998538e-03,
       5.78282122e-03, 5.67007530e-03, 5.58242807e-03, 5.48951700e-03,
       5.33189625e-03, 5.21593355e-03, 5.14682522e-03, 5.07958326e-03,
       4.97601507e-03, 4.92176646e-03, 4.73841093e-03, 4.68772976e-03,
       4.44428530e-03, 4.38527996e-03, 4.20196773e-03, 4.08733636e-03,
       3.96698155e-03, 3.94585077e-03, 3.82895186e-03, 3.80509836e-03,
       3.71237053e-03, 3.57235782e-03, 3.49572813e-03, 3.41958902e-03,
       3.37217445e-03, 3.26748192e-03, 3.21790203e-03, 3.12152528e-03,
       3.09083727e-03, 3.04271956e-03, 2.98794033e-03, 2.94211274e-03,
       2.91955750e-03, 2.83784699e-03, 2.81027681e-03, 2.76435120e-03,
       2.64972378e-03, 2.57721241e-03, 2.48947134e-03, 2.40837666e-03,
       2.39533163e-03, 2.34529795e-03, 2.31589912e-03, 2.27846508e-03,
       2.19732942e-03, 2.08721356e-03, 2.05534045e-03, 2.01200228e-03,
       1.98411453e-03, 1.96098373e-03, 1.91190979e-03, 1.86428975e-03,
       1.82152598e-03, 1.78528565e-03, 1.75619393e-03, 1.71430560e-03,
       1.69008365e-03, 1.67189492e-03, 1.63098960e-03, 1.61383394e-03,
       1.55448890e-03, 1.52761524e-03, 1.48529839e-03, 1.45659654e-03,
       1.42584951e-03, 1.36612123e-03, 1.33643963e-03, 1.30368047e-03,
       1.28292711e-03, 1.27680029e-03, 1.22538640e-03, 1.20340777e-03,
       1.15453324e-03, 1.13916106e-03, 1.10401527e-03, 1.08658453e-03,
       1.07467640e-03, 1.03327679e-03, 1.00946031e-03, 9.90830944e-04,
       9.42588842e-04, 9.18151520e-04, 9.15245852e-04, 8.86984868e-04,
       8.63976195e-04, 8.45840899e-04, 8.20332207e-04, 8.03829986e-04,
       7.72021303e-04, 7.68693862e-04, 7.33996043e-04, 7.32215995e-04,
       7.20147858e-04, 6.86139334e-04, 6.65832544e-04, 6.41893304e-04,
       6.33263204e-04, 6.30787748e-04, 6.04190456e-04, 5.88059716e-04,
       5.83143323e-04, 5.69897296e-04, 5.52834419e-04, 5.43625152e-04,
       5.18913439e-04, 4.91308572e-04, 4.80758870e-04, 4.71807696e-04,
       4.64680168e-04, 4.53965098e-04, 4.26456070e-04, 4.12089197e-04,
       4.01297701e-04, 3.91970098e-04, 3.83708481e-04, 3.68792185e-04,
       3.60773120e-04, 3.54328804e-04, 3.37932375e-04, 3.31115472e-04,
       3.15435813e-04, 3.06357659e-04, 3.01780179e-04, 2.93651450e-04,
       2.81573622e-04, 2.80431588e-04, 2.70149176e-04, 2.55001651e-04,
       2.50537938e-04, 2.40430716e-04, 2.30838996e-04, 2.24911812e-04,
       2.17676075e-04, 2.04107477e-04, 1.94406108e-04, 1.89353668e-04,
       1.82784454e-04, 1.78495116e-04, 1.76250163e-04, 1.66729762e-04,
       1.62926299e-04, 1.61515185e-04, 1.45510756e-04, 1.41866549e-04,
       1.40464923e-04, 1.32140995e-04, 1.24270169e-04, 1.20476419e-04,
       1.19126649e-04, 1.12121445e-04, 1.05645937e-04, 9.83344435e-05,
       9.57928933e-05, 8.99287261e-05, 8.66845003e-05, 8.27479089e-05,
       8.02713475e-05, 7.97481989e-05, 7.48697421e-05, 7.26003709e-05,
       7.03981132e-05, 6.85838095e-05, 6.51603841e-05, 6.40256330e-05,
       6.29889910e-05, 6.00475432e-05, 5.73824145e-05, 5.61401685e-05,
       5.28898090e-05, 5.16716209e-05, 4.98595255e-05, 4.75737143e-05,
       4.53029570e-05, 4.47123966e-05, 4.12176378e-05, 4.04739621e-05,
       3.95193238e-05, 3.81184400e-05, 3.44082800e-05, 3.29088434e-05,
       3.14970348e-05, 3.01238470e-05, 2.94164602e-05, 2.80971544e-05,
       2.76350038e-05, 2.62068424e-05, 2.30425085e-05, 2.18073728e-05,
       2.05523993e-05, 2.01241128e-05, 1.94915556e-05, 1.75003825e-05,
       1.68004590e-05, 1.64373450e-05, 1.56044516e-05, 1.49615662e-05,
       1.37359411e-05, 1.31306706e-05, 1.24236749e-05, 1.15489311e-05,
       1.03766888e-05, 9.37184814e-06, 8.98157214e-06, 8.50149536e-06,
       8.14333725e-06, 7.66850189e-06, 7.06989249e-06, 6.50712309e-06,
       6.24475024e-06, 5.81454378e-06, 5.13061150e-06, 5.06578317e-06,
       4.70199484e-06, 4.06345544e-06, 3.65944902e-06, 3.53302903e-06,
       3.07941741e-06, 2.64746313e-06, 2.64070923e-06, 2.27028659e-06,
       2.03261129e-06, 1.34313586e-06, 1.25125905e-06, 9.95186269e-07,
       8.93558251e-07, 7.35561400e-07, 6.40060534e-07, 3.52404101e-07,
       3.46914533e-07, 3.08342919e-07, 3.01589182e-07, 2.22983360e-07,
       1.53396755e-07, 1.31127052e-07, 1.26603794e-07, 7.56688223e-08,
       7.27065910e-08, 5.79917305e-08, 2.92688238e-08, 2.82193451e-08,
       2.82055392e-08, 2.42899247e-08, 1.55052824e-08, 1.46087933e-08,
       1.20327659e-08, 1.14835794e-08, 9.43235801e-09, 0., 0., 0., 0.,
       0., 0., 0., 0., 0., 0., 0. ]
