%YAML:1.0
mean_Matrix: !!opencv-matrix
   rows: 1
   cols: 321
   dt: f
   data: [ 4.89158332e-02, 7.53261447e-02, 4.52272855e-02,
       1.35488417e-02, 6.95368424e-02, 2.54883654e-02, 9.15643945e-02,
       3.51930670e-02, 1.07109293e-01, 4.23833877e-02, 2.99209561e-02,
       3.54361422e-02, 3.87152955e-02, 1.81151927e-02, 7.54002556e-02,
       4.21431623e-02, 1.19904466e-01, 7.43171871e-02, 1.50960222e-01,
       9.75592509e-02, 3.83775085e-02, 3.02900989e-02, 5.16325273e-02,
       3.64894234e-02, 1.00530505e-01, 9.43073705e-02, 1.68330103e-01,
       1.76004067e-01, 2.12420389e-01, 2.18241155e-01, 6.26702011e-02,
       4.96988706e-02, 9.37710479e-02, 9.02494565e-02, 1.59302130e-01,
       2.08652064e-01, 2.18090817e-01, 2.87581593e-01, 2.36665875e-01,
       2.66618282e-01, 1.32782862e-01, 1.00184925e-01, 2.04912022e-01,
       1.82139233e-01, 2.68919975e-01, 2.70384520e-01, 2.73152351e-01,
       2.33340532e-01, 2.33221009e-01, 1.65352240e-01, 2.23832816e-01,
       1.70326784e-01, 2.78565466e-01, 2.32539415e-01, 2.67157674e-01,
       1.94569290e-01, 2.13749796e-01, 1.00783065e-01, 1.45791396e-01,
       8.06483850e-02, 2.13858932e-01, 2.26768464e-01, 2.07036644e-01,
       1.94752008e-01, 1.52051970e-01, 9.95437950e-02, 9.46998820e-02,
       4.01817411e-02, 6.34414479e-02, 4.13682610e-02, 1.74483195e-01,
       1.95146084e-01, 1.29866704e-01, 1.29387930e-01, 8.50751624e-02,
       5.33346832e-02, 5.29359318e-02, 2.00509652e-02, 3.25656310e-02,
       2.72573270e-02, 1.51171744e-01, 1.32380471e-01, 1.03903554e-01,
       7.81517923e-02, 7.20934868e-02, 3.38273309e-02, 4.73458357e-02,
       1.30605316e-02, 2.55497750e-02, 3.28062177e-02, 1.38698474e-01,
       7.61886835e-02, 1.01953290e-01, 5.45374192e-02, 6.68404251e-02,
       2.62791831e-02, 4.44749482e-02, 1.60796382e-02, 3.21108550e-02,
       8.10069516e-02, 1.21576354e-01, 4.82001118e-02, 1.00847602e-01,
       4.45866920e-02, 5.47657311e-02, 2.43138615e-02, 3.05913053e-02,
       1.29349092e-02, 1.99486651e-02, 8.30872580e-02, 1.20774440e-01,
       4.10448834e-02, 1.19083211e-01, 4.40142229e-02, 7.13507608e-02,
       2.82313880e-02, 3.78641412e-02, 2.00467184e-02, 2.45144106e-02,
       1.32035688e-01, 1.09131120e-01, 3.46650518e-02, 1.13970608e-01,
       3.42822075e-02, 8.53268877e-02, 2.54515987e-02, 5.19372039e-02,
       2.07288750e-02, 3.16785946e-02, 1.55650407e-01, 8.76832232e-02,
       3.70901003e-02, 1.10375069e-01, 3.11870854e-02, 1.09690502e-01,
       3.01548783e-02, 9.08696279e-02, 1.67033263e-02, 5.06486259e-02,
       7.13537186e-02, 5.86607344e-02, 3.66951786e-02, 7.87203535e-02,
       2.11869348e-02, 1.01345457e-01, 2.88281031e-02, 9.83204544e-02,
       1.75303351e-02, 6.90677166e-02, 4.19713706e-02, 3.87591720e-02,
       7.72305429e-02, 5.11987321e-02, 1.61286015e-02, 7.64676109e-02,
       2.50713024e-02, 7.06003979e-02, 1.68771204e-02, 5.73572628e-02,
       2.15272922e-02, 3.24247479e-02, 7.02090487e-02, 4.09494042e-02,
       1.45450197e-02, 7.05217049e-02, 2.39770636e-02, 6.91646039e-02,
       2.19047237e-02, 6.58083633e-02, 2.13031396e-02, 2.78476235e-02,
       5.16075529e-02, 3.25401276e-02, 1.15052639e-02, 5.88985793e-02,
       2.23808102e-02, 6.95096180e-02, 2.37923991e-02, 7.57462978e-02,
       2.64128111e-02, 1.74945563e-01, 1.37792587e-01, 1.39799014e-01,
       6.77603930e-02, 1.31081745e-01, 5.16122356e-02, 1.28683552e-01,
       5.06155193e-02, 1.30536273e-01, 1.16282992e-01, 1.49001822e-01,
       8.29987153e-02, 1.37217581e-01, 6.25536591e-02, 1.29554614e-01,
       6.63491860e-02, 1.49150535e-01, 8.67316872e-02, 1.68119952e-01,
       1.68040723e-01, 1.56214043e-01, 7.11907968e-02, 1.66396216e-01,
       8.02309290e-02, 1.69768274e-01, 1.22371390e-01, 2.02078894e-01,
       1.92341208e-01, 2.31308892e-01, 2.90873855e-01, 1.65814310e-01,
       8.39705318e-02, 2.02338204e-01, 1.23647213e-01, 2.35691130e-01,
       2.31264651e-01, 2.57613033e-01, 3.00511777e-01, 2.57376403e-01,
       3.44310582e-01, 1.99448228e-01, 1.31670684e-01, 2.80907154e-01,
       2.05321103e-01, 3.27643991e-01, 2.90420979e-01, 3.08418244e-01,
       2.42901191e-01, 2.53762782e-01, 2.23986208e-01, 2.52529204e-01,
       1.98310122e-01, 3.11774045e-01, 2.42825791e-01, 3.20361495e-01,
       2.13456869e-01, 2.64338076e-01, 1.14318475e-01, 1.90664813e-01,
       1.17682859e-01, 2.45906919e-01, 2.76118457e-01, 2.48966247e-01,
       2.07242429e-01, 2.20908701e-01, 1.23301759e-01, 1.60354853e-01,
       5.63833676e-02, 1.18634604e-01, 6.20874837e-02, 2.03862429e-01,
       2.36682743e-01, 1.69272810e-01, 1.41931400e-01, 1.52993232e-01,
       7.67952278e-02, 1.20205641e-01, 4.11889218e-02, 9.68286768e-02,
       4.79562804e-02, 1.76366940e-01, 1.72095537e-01, 1.35416955e-01,
       8.90433267e-02, 1.29491836e-01, 5.60889579e-02, 1.15802050e-01,
       3.67756523e-02, 9.96888205e-02, 5.84109277e-02, 2.37753853e-01,
       1.68514371e-01, 2.37771571e-01, 1.29059732e-01, 2.01824084e-01,
       1.11523211e-01, 1.49508536e-01, 8.91549140e-02, 1.25582367e-01,
       1.35905132e-01, 2.68349349e-01, 2.50390232e-01, 2.58648068e-01,
       2.01111749e-01, 2.35471889e-01, 1.71234488e-01, 2.24216685e-01,
       1.32906348e-01, 2.08479598e-01, 1.81915611e-01, 1.58323824e-01,
       1.17023185e-01, 1.87027797e-01, 9.91117954e-02, 2.30132431e-01,
       1.22949623e-01, 2.31582791e-01, 1.32432908e-01, 1.79506585e-01,
       1.81619138e-01, 1.89546809e-01, 1.65746063e-01, 2.13753238e-01,
       1.58715874e-01, 2.49574229e-01, 1.86813667e-01, 2.63531566e-01,
       1.86253682e-01, 2.56984413e-01, 2.57903069e-01, 0., 0., 0., 0.,
       0., 0., 0., 0., 0., 0., 0. ]
